Epoch,Train Loss,Validation Loss,Correct Predictions,Localization Errors,Similar Object Errors,Other Errors,Background Predictions,Total Bounding Boxes
20,4.29585599899292,0,7,9,0,7,18,52
20,0,11.628593444824219,0,0,0,11,6,55
50,2.045462131500244,0,10,12,0,10,9,52
50,0,9.647934913635254,0,0,0,15,0,57
100,1.5415139198303223,0,14,8,0,10,9,53
100,0,10.370237350463867,0,0,0,17,0,56
250,0.7994706630706787,0,14,10,0,17,6,52
250,0,10.910883903503418,0,0,0,12,0,59
500,0.5379024147987366,0,22,11,0,10,3,52
500,0,10.663768768310547,0,0,0,13,5,58
750,0.30720511078834534,0,22,9,0,13,4,51
750,0,12.93979549407959,0,0,0,18,3,57
1000,0.3787800669670105,0,23,5,0,15,6,52
1000,0,13.172151565551758,0,3,0,14,4,60
1250,0.38146674633026123,0,16,11,0,10,9,52
1250,0,12.70468521118164,0,1,0,10,3,61
1500,0.20674201846122742,0,24,7,0,14,5,53
1500,0,11.159675598144531,0,2,0,15,2,59
